{
  "nbformat": 4,
  "nbformat_minor": 0,
  "metadata": {
    "colab": {
      "name": "DiscriminantAnalysis.ipynb",
      "provenance": [],
      "collapsed_sections": []
    },
    "kernelspec": {
      "name": "python3",
      "display_name": "Python 3"
    },
    "language_info": {
      "name": "python"
    }
  },
  "cells": [
    {
      "cell_type": "markdown",
      "source": [
        "**Análise Discriminante**\n",
        "\n",
        "> Utilizando o dataset load_wine, importado pelo **sklearn.datasets**"
      ],
      "metadata": {
        "id": "Vd4m-NqBZAnU"
      }
    },
    {
      "cell_type": "markdown",
      "source": [
        "**Parte 1 - Variância**"
      ],
      "metadata": {
        "id": "EpWtoY2hZg66"
      }
    },
    {
      "cell_type": "code",
      "source": [
        "from google.colab import drive\n",
        "drive.mount('/content/drive')"
      ],
      "metadata": {
        "id": "hSjEF4It8eOu"
      },
      "execution_count": null,
      "outputs": []
    },
    {
      "cell_type": "code",
      "execution_count": null,
      "metadata": {
        "id": "KrTjHrB2ZVnn"
      },
      "outputs": [],
      "source": [
        "import numpy as np"
      ]
    },
    {
      "cell_type": "code",
      "source": [
        "dadosVariancia = [20, 32, 32, 36, 39, 43, 46, 48, 49, 50, 52, 53, 56, 57, 63,\n",
        "                  64, 65, 74, 75, 90]"
      ],
      "metadata": {
        "id": "MWP4or2OZfeE"
      },
      "execution_count": null,
      "outputs": []
    },
    {
      "cell_type": "code",
      "source": [
        "variancia = np.var(dadosVariancia)\n",
        "print('O resultado da variância é: ', variancia)"
      ],
      "metadata": {
        "colab": {
          "base_uri": "https://localhost:8080/"
        },
        "id": "UTbpdw1jZ_nY",
        "outputId": "b28671d9-6fda-48ed-88fe-38956f8ca443"
      },
      "execution_count": null,
      "outputs": [
        {
          "output_type": "stream",
          "name": "stdout",
          "text": [
            "O resultado da variância é:  266.36\n"
          ]
        }
      ]
    },
    {
      "cell_type": "markdown",
      "source": [
        "**Parte 2 - Discriminante Linear**"
      ],
      "metadata": {
        "id": "YFOWiVkLfPp3"
      }
    },
    {
      "cell_type": "code",
      "source": [
        "from sklearn.datasets import load_wine\n",
        "import pandas as pd\n",
        "import numpy as np\n",
        "np.set_printoptions(precision=4)\n",
        "from matplotlib import pyplot as plt\n",
        "import seaborn as sns\n",
        "sns.set()\n",
        "from sklearn.preprocessing import LabelEncoder\n",
        "from sklearn.tree import DecisionTreeClassifier\n",
        "from sklearn.model_selection import train_test_split\n",
        "from sklearn.metrics import confusion_matrix"
      ],
      "metadata": {
        "id": "4q_JIDxnfV03"
      },
      "execution_count": null,
      "outputs": []
    },
    {
      "cell_type": "code",
      "source": [
        "wine = load_wine()\n",
        "\n",
        "X = pd.DataFrame(wine.data, columns=wine.feature_names)\n",
        "Y = pd.Categorical.from_codes(wine.target, wine.target_names)"
      ],
      "metadata": {
        "id": "ZCQMOdjyf71l"
      },
      "execution_count": null,
      "outputs": []
    },
    {
      "cell_type": "code",
      "source": [
        "X.head()"
      ],
      "metadata": {
        "colab": {
          "base_uri": "https://localhost:8080/",
          "height": 270
        },
        "id": "UoXIvzYnhReh",
        "outputId": "0ddb84bc-7aab-4538-bfcb-4f1aa7e10651"
      },
      "execution_count": null,
      "outputs": [
        {
          "output_type": "execute_result",
          "data": {
            "text/plain": [
              "   alcohol  malic_acid   ash  alcalinity_of_ash  magnesium  total_phenols  \\\n",
              "0    14.23        1.71  2.43               15.6      127.0           2.80   \n",
              "1    13.20        1.78  2.14               11.2      100.0           2.65   \n",
              "2    13.16        2.36  2.67               18.6      101.0           2.80   \n",
              "3    14.37        1.95  2.50               16.8      113.0           3.85   \n",
              "4    13.24        2.59  2.87               21.0      118.0           2.80   \n",
              "\n",
              "   flavanoids  nonflavanoid_phenols  proanthocyanins  color_intensity   hue  \\\n",
              "0        3.06                  0.28             2.29             5.64  1.04   \n",
              "1        2.76                  0.26             1.28             4.38  1.05   \n",
              "2        3.24                  0.30             2.81             5.68  1.03   \n",
              "3        3.49                  0.24             2.18             7.80  0.86   \n",
              "4        2.69                  0.39             1.82             4.32  1.04   \n",
              "\n",
              "   od280/od315_of_diluted_wines  proline  \n",
              "0                          3.92   1065.0  \n",
              "1                          3.40   1050.0  \n",
              "2                          3.17   1185.0  \n",
              "3                          3.45   1480.0  \n",
              "4                          2.93    735.0  "
            ],
            "text/html": [
              "\n",
              "  <div id=\"df-113abeda-a65b-410c-9cb8-341565d68d41\">\n",
              "    <div class=\"colab-df-container\">\n",
              "      <div>\n",
              "<style scoped>\n",
              "    .dataframe tbody tr th:only-of-type {\n",
              "        vertical-align: middle;\n",
              "    }\n",
              "\n",
              "    .dataframe tbody tr th {\n",
              "        vertical-align: top;\n",
              "    }\n",
              "\n",
              "    .dataframe thead th {\n",
              "        text-align: right;\n",
              "    }\n",
              "</style>\n",
              "<table border=\"1\" class=\"dataframe\">\n",
              "  <thead>\n",
              "    <tr style=\"text-align: right;\">\n",
              "      <th></th>\n",
              "      <th>alcohol</th>\n",
              "      <th>malic_acid</th>\n",
              "      <th>ash</th>\n",
              "      <th>alcalinity_of_ash</th>\n",
              "      <th>magnesium</th>\n",
              "      <th>total_phenols</th>\n",
              "      <th>flavanoids</th>\n",
              "      <th>nonflavanoid_phenols</th>\n",
              "      <th>proanthocyanins</th>\n",
              "      <th>color_intensity</th>\n",
              "      <th>hue</th>\n",
              "      <th>od280/od315_of_diluted_wines</th>\n",
              "      <th>proline</th>\n",
              "    </tr>\n",
              "  </thead>\n",
              "  <tbody>\n",
              "    <tr>\n",
              "      <th>0</th>\n",
              "      <td>14.23</td>\n",
              "      <td>1.71</td>\n",
              "      <td>2.43</td>\n",
              "      <td>15.6</td>\n",
              "      <td>127.0</td>\n",
              "      <td>2.80</td>\n",
              "      <td>3.06</td>\n",
              "      <td>0.28</td>\n",
              "      <td>2.29</td>\n",
              "      <td>5.64</td>\n",
              "      <td>1.04</td>\n",
              "      <td>3.92</td>\n",
              "      <td>1065.0</td>\n",
              "    </tr>\n",
              "    <tr>\n",
              "      <th>1</th>\n",
              "      <td>13.20</td>\n",
              "      <td>1.78</td>\n",
              "      <td>2.14</td>\n",
              "      <td>11.2</td>\n",
              "      <td>100.0</td>\n",
              "      <td>2.65</td>\n",
              "      <td>2.76</td>\n",
              "      <td>0.26</td>\n",
              "      <td>1.28</td>\n",
              "      <td>4.38</td>\n",
              "      <td>1.05</td>\n",
              "      <td>3.40</td>\n",
              "      <td>1050.0</td>\n",
              "    </tr>\n",
              "    <tr>\n",
              "      <th>2</th>\n",
              "      <td>13.16</td>\n",
              "      <td>2.36</td>\n",
              "      <td>2.67</td>\n",
              "      <td>18.6</td>\n",
              "      <td>101.0</td>\n",
              "      <td>2.80</td>\n",
              "      <td>3.24</td>\n",
              "      <td>0.30</td>\n",
              "      <td>2.81</td>\n",
              "      <td>5.68</td>\n",
              "      <td>1.03</td>\n",
              "      <td>3.17</td>\n",
              "      <td>1185.0</td>\n",
              "    </tr>\n",
              "    <tr>\n",
              "      <th>3</th>\n",
              "      <td>14.37</td>\n",
              "      <td>1.95</td>\n",
              "      <td>2.50</td>\n",
              "      <td>16.8</td>\n",
              "      <td>113.0</td>\n",
              "      <td>3.85</td>\n",
              "      <td>3.49</td>\n",
              "      <td>0.24</td>\n",
              "      <td>2.18</td>\n",
              "      <td>7.80</td>\n",
              "      <td>0.86</td>\n",
              "      <td>3.45</td>\n",
              "      <td>1480.0</td>\n",
              "    </tr>\n",
              "    <tr>\n",
              "      <th>4</th>\n",
              "      <td>13.24</td>\n",
              "      <td>2.59</td>\n",
              "      <td>2.87</td>\n",
              "      <td>21.0</td>\n",
              "      <td>118.0</td>\n",
              "      <td>2.80</td>\n",
              "      <td>2.69</td>\n",
              "      <td>0.39</td>\n",
              "      <td>1.82</td>\n",
              "      <td>4.32</td>\n",
              "      <td>1.04</td>\n",
              "      <td>2.93</td>\n",
              "      <td>735.0</td>\n",
              "    </tr>\n",
              "  </tbody>\n",
              "</table>\n",
              "</div>\n",
              "      <button class=\"colab-df-convert\" onclick=\"convertToInteractive('df-113abeda-a65b-410c-9cb8-341565d68d41')\"\n",
              "              title=\"Convert this dataframe to an interactive table.\"\n",
              "              style=\"display:none;\">\n",
              "        \n",
              "  <svg xmlns=\"http://www.w3.org/2000/svg\" height=\"24px\"viewBox=\"0 0 24 24\"\n",
              "       width=\"24px\">\n",
              "    <path d=\"M0 0h24v24H0V0z\" fill=\"none\"/>\n",
              "    <path d=\"M18.56 5.44l.94 2.06.94-2.06 2.06-.94-2.06-.94-.94-2.06-.94 2.06-2.06.94zm-11 1L8.5 8.5l.94-2.06 2.06-.94-2.06-.94L8.5 2.5l-.94 2.06-2.06.94zm10 10l.94 2.06.94-2.06 2.06-.94-2.06-.94-.94-2.06-.94 2.06-2.06.94z\"/><path d=\"M17.41 7.96l-1.37-1.37c-.4-.4-.92-.59-1.43-.59-.52 0-1.04.2-1.43.59L10.3 9.45l-7.72 7.72c-.78.78-.78 2.05 0 2.83L4 21.41c.39.39.9.59 1.41.59.51 0 1.02-.2 1.41-.59l7.78-7.78 2.81-2.81c.8-.78.8-2.07 0-2.86zM5.41 20L4 18.59l7.72-7.72 1.47 1.35L5.41 20z\"/>\n",
              "  </svg>\n",
              "      </button>\n",
              "      \n",
              "  <style>\n",
              "    .colab-df-container {\n",
              "      display:flex;\n",
              "      flex-wrap:wrap;\n",
              "      gap: 12px;\n",
              "    }\n",
              "\n",
              "    .colab-df-convert {\n",
              "      background-color: #E8F0FE;\n",
              "      border: none;\n",
              "      border-radius: 50%;\n",
              "      cursor: pointer;\n",
              "      display: none;\n",
              "      fill: #1967D2;\n",
              "      height: 32px;\n",
              "      padding: 0 0 0 0;\n",
              "      width: 32px;\n",
              "    }\n",
              "\n",
              "    .colab-df-convert:hover {\n",
              "      background-color: #E2EBFA;\n",
              "      box-shadow: 0px 1px 2px rgba(60, 64, 67, 0.3), 0px 1px 3px 1px rgba(60, 64, 67, 0.15);\n",
              "      fill: #174EA6;\n",
              "    }\n",
              "\n",
              "    [theme=dark] .colab-df-convert {\n",
              "      background-color: #3B4455;\n",
              "      fill: #D2E3FC;\n",
              "    }\n",
              "\n",
              "    [theme=dark] .colab-df-convert:hover {\n",
              "      background-color: #434B5C;\n",
              "      box-shadow: 0px 1px 3px 1px rgba(0, 0, 0, 0.15);\n",
              "      filter: drop-shadow(0px 1px 2px rgba(0, 0, 0, 0.3));\n",
              "      fill: #FFFFFF;\n",
              "    }\n",
              "  </style>\n",
              "\n",
              "      <script>\n",
              "        const buttonEl =\n",
              "          document.querySelector('#df-113abeda-a65b-410c-9cb8-341565d68d41 button.colab-df-convert');\n",
              "        buttonEl.style.display =\n",
              "          google.colab.kernel.accessAllowed ? 'block' : 'none';\n",
              "\n",
              "        async function convertToInteractive(key) {\n",
              "          const element = document.querySelector('#df-113abeda-a65b-410c-9cb8-341565d68d41');\n",
              "          const dataTable =\n",
              "            await google.colab.kernel.invokeFunction('convertToInteractive',\n",
              "                                                     [key], {});\n",
              "          if (!dataTable) return;\n",
              "\n",
              "          const docLinkHtml = 'Like what you see? Visit the ' +\n",
              "            '<a target=\"_blank\" href=https://colab.research.google.com/notebooks/data_table.ipynb>data table notebook</a>'\n",
              "            + ' to learn more about interactive tables.';\n",
              "          element.innerHTML = '';\n",
              "          dataTable['output_type'] = 'display_data';\n",
              "          await google.colab.output.renderOutput(dataTable, element);\n",
              "          const docLink = document.createElement('div');\n",
              "          docLink.innerHTML = docLinkHtml;\n",
              "          element.appendChild(docLink);\n",
              "        }\n",
              "      </script>\n",
              "    </div>\n",
              "  </div>\n",
              "  "
            ]
          },
          "metadata": {},
          "execution_count": 7
        }
      ]
    },
    {
      "cell_type": "code",
      "source": [
        "Y"
      ],
      "metadata": {
        "colab": {
          "base_uri": "https://localhost:8080/"
        },
        "id": "6g8yGr-lhTUB",
        "outputId": "71b5eb6c-a663-4c79-ccbf-ea79566a2c2e"
      },
      "execution_count": null,
      "outputs": [
        {
          "output_type": "execute_result",
          "data": {
            "text/plain": [
              "['class_0', 'class_0', 'class_0', 'class_0', 'class_0', ..., 'class_2', 'class_2', 'class_2', 'class_2', 'class_2']\n",
              "Length: 178\n",
              "Categories (3, object): ['class_0', 'class_1', 'class_2']"
            ]
          },
          "metadata": {},
          "execution_count": 8
        }
      ]
    },
    {
      "cell_type": "code",
      "source": [
        "df = X.join(pd.Series(Y, name='class'))"
      ],
      "metadata": {
        "id": "Y3Sk9nQciujV"
      },
      "execution_count": null,
      "outputs": []
    },
    {
      "cell_type": "markdown",
      "source": [
        "**Criando as matrizes de dispersão**"
      ],
      "metadata": {
        "id": "ViAcY6YLi1lF"
      }
    },
    {
      "cell_type": "code",
      "source": [
        "class_feature_means = pd.DataFrame(columns=wine.target_names)\n",
        "\n",
        "for c, rows in df.groupby('class'):\n",
        "  class_feature_means[c] = rows.mean()\n",
        "\n",
        "  class_feature_means"
      ],
      "metadata": {
        "colab": {
          "base_uri": "https://localhost:8080/"
        },
        "id": "TI21pXtFi7wl",
        "outputId": "dbe92635-bc44-4aa9-b972-32c327de88fc"
      },
      "execution_count": null,
      "outputs": [
        {
          "output_type": "stream",
          "name": "stderr",
          "text": [
            "/usr/local/lib/python3.7/dist-packages/ipykernel_launcher.py:4: FutureWarning: Dropping of nuisance columns in DataFrame reductions (with 'numeric_only=None') is deprecated; in a future version this will raise TypeError.  Select only valid columns before calling the reduction.\n",
            "  after removing the cwd from sys.path.\n"
          ]
        }
      ]
    },
    {
      "cell_type": "code",
      "source": [
        "class_feature_means"
      ],
      "metadata": {
        "colab": {
          "base_uri": "https://localhost:8080/",
          "height": 457
        },
        "id": "8X9yPyCyoBmD",
        "outputId": "53749633-d56a-4446-c7e0-c6627fedd8cd"
      },
      "execution_count": null,
      "outputs": [
        {
          "output_type": "execute_result",
          "data": {
            "text/plain": [
              "                                  class_0     class_1     class_2\n",
              "alcohol                         13.744746   12.278732   13.153750\n",
              "malic_acid                       2.010678    1.932676    3.333750\n",
              "ash                              2.455593    2.244789    2.437083\n",
              "alcalinity_of_ash               17.037288   20.238028   21.416667\n",
              "magnesium                      106.338983   94.549296   99.312500\n",
              "total_phenols                    2.840169    2.258873    1.678750\n",
              "flavanoids                       2.982373    2.080845    0.781458\n",
              "nonflavanoid_phenols             0.290000    0.363662    0.447500\n",
              "proanthocyanins                  1.899322    1.630282    1.153542\n",
              "color_intensity                  5.528305    3.086620    7.396250\n",
              "hue                              1.062034    1.056282    0.682708\n",
              "od280/od315_of_diluted_wines     3.157797    2.785352    1.683542\n",
              "proline                       1115.711864  519.507042  629.895833"
            ],
            "text/html": [
              "\n",
              "  <div id=\"df-0a92495d-2042-4197-9804-cde7e27df2c1\">\n",
              "    <div class=\"colab-df-container\">\n",
              "      <div>\n",
              "<style scoped>\n",
              "    .dataframe tbody tr th:only-of-type {\n",
              "        vertical-align: middle;\n",
              "    }\n",
              "\n",
              "    .dataframe tbody tr th {\n",
              "        vertical-align: top;\n",
              "    }\n",
              "\n",
              "    .dataframe thead th {\n",
              "        text-align: right;\n",
              "    }\n",
              "</style>\n",
              "<table border=\"1\" class=\"dataframe\">\n",
              "  <thead>\n",
              "    <tr style=\"text-align: right;\">\n",
              "      <th></th>\n",
              "      <th>class_0</th>\n",
              "      <th>class_1</th>\n",
              "      <th>class_2</th>\n",
              "    </tr>\n",
              "  </thead>\n",
              "  <tbody>\n",
              "    <tr>\n",
              "      <th>alcohol</th>\n",
              "      <td>13.744746</td>\n",
              "      <td>12.278732</td>\n",
              "      <td>13.153750</td>\n",
              "    </tr>\n",
              "    <tr>\n",
              "      <th>malic_acid</th>\n",
              "      <td>2.010678</td>\n",
              "      <td>1.932676</td>\n",
              "      <td>3.333750</td>\n",
              "    </tr>\n",
              "    <tr>\n",
              "      <th>ash</th>\n",
              "      <td>2.455593</td>\n",
              "      <td>2.244789</td>\n",
              "      <td>2.437083</td>\n",
              "    </tr>\n",
              "    <tr>\n",
              "      <th>alcalinity_of_ash</th>\n",
              "      <td>17.037288</td>\n",
              "      <td>20.238028</td>\n",
              "      <td>21.416667</td>\n",
              "    </tr>\n",
              "    <tr>\n",
              "      <th>magnesium</th>\n",
              "      <td>106.338983</td>\n",
              "      <td>94.549296</td>\n",
              "      <td>99.312500</td>\n",
              "    </tr>\n",
              "    <tr>\n",
              "      <th>total_phenols</th>\n",
              "      <td>2.840169</td>\n",
              "      <td>2.258873</td>\n",
              "      <td>1.678750</td>\n",
              "    </tr>\n",
              "    <tr>\n",
              "      <th>flavanoids</th>\n",
              "      <td>2.982373</td>\n",
              "      <td>2.080845</td>\n",
              "      <td>0.781458</td>\n",
              "    </tr>\n",
              "    <tr>\n",
              "      <th>nonflavanoid_phenols</th>\n",
              "      <td>0.290000</td>\n",
              "      <td>0.363662</td>\n",
              "      <td>0.447500</td>\n",
              "    </tr>\n",
              "    <tr>\n",
              "      <th>proanthocyanins</th>\n",
              "      <td>1.899322</td>\n",
              "      <td>1.630282</td>\n",
              "      <td>1.153542</td>\n",
              "    </tr>\n",
              "    <tr>\n",
              "      <th>color_intensity</th>\n",
              "      <td>5.528305</td>\n",
              "      <td>3.086620</td>\n",
              "      <td>7.396250</td>\n",
              "    </tr>\n",
              "    <tr>\n",
              "      <th>hue</th>\n",
              "      <td>1.062034</td>\n",
              "      <td>1.056282</td>\n",
              "      <td>0.682708</td>\n",
              "    </tr>\n",
              "    <tr>\n",
              "      <th>od280/od315_of_diluted_wines</th>\n",
              "      <td>3.157797</td>\n",
              "      <td>2.785352</td>\n",
              "      <td>1.683542</td>\n",
              "    </tr>\n",
              "    <tr>\n",
              "      <th>proline</th>\n",
              "      <td>1115.711864</td>\n",
              "      <td>519.507042</td>\n",
              "      <td>629.895833</td>\n",
              "    </tr>\n",
              "  </tbody>\n",
              "</table>\n",
              "</div>\n",
              "      <button class=\"colab-df-convert\" onclick=\"convertToInteractive('df-0a92495d-2042-4197-9804-cde7e27df2c1')\"\n",
              "              title=\"Convert this dataframe to an interactive table.\"\n",
              "              style=\"display:none;\">\n",
              "        \n",
              "  <svg xmlns=\"http://www.w3.org/2000/svg\" height=\"24px\"viewBox=\"0 0 24 24\"\n",
              "       width=\"24px\">\n",
              "    <path d=\"M0 0h24v24H0V0z\" fill=\"none\"/>\n",
              "    <path d=\"M18.56 5.44l.94 2.06.94-2.06 2.06-.94-2.06-.94-.94-2.06-.94 2.06-2.06.94zm-11 1L8.5 8.5l.94-2.06 2.06-.94-2.06-.94L8.5 2.5l-.94 2.06-2.06.94zm10 10l.94 2.06.94-2.06 2.06-.94-2.06-.94-.94-2.06-.94 2.06-2.06.94z\"/><path d=\"M17.41 7.96l-1.37-1.37c-.4-.4-.92-.59-1.43-.59-.52 0-1.04.2-1.43.59L10.3 9.45l-7.72 7.72c-.78.78-.78 2.05 0 2.83L4 21.41c.39.39.9.59 1.41.59.51 0 1.02-.2 1.41-.59l7.78-7.78 2.81-2.81c.8-.78.8-2.07 0-2.86zM5.41 20L4 18.59l7.72-7.72 1.47 1.35L5.41 20z\"/>\n",
              "  </svg>\n",
              "      </button>\n",
              "      \n",
              "  <style>\n",
              "    .colab-df-container {\n",
              "      display:flex;\n",
              "      flex-wrap:wrap;\n",
              "      gap: 12px;\n",
              "    }\n",
              "\n",
              "    .colab-df-convert {\n",
              "      background-color: #E8F0FE;\n",
              "      border: none;\n",
              "      border-radius: 50%;\n",
              "      cursor: pointer;\n",
              "      display: none;\n",
              "      fill: #1967D2;\n",
              "      height: 32px;\n",
              "      padding: 0 0 0 0;\n",
              "      width: 32px;\n",
              "    }\n",
              "\n",
              "    .colab-df-convert:hover {\n",
              "      background-color: #E2EBFA;\n",
              "      box-shadow: 0px 1px 2px rgba(60, 64, 67, 0.3), 0px 1px 3px 1px rgba(60, 64, 67, 0.15);\n",
              "      fill: #174EA6;\n",
              "    }\n",
              "\n",
              "    [theme=dark] .colab-df-convert {\n",
              "      background-color: #3B4455;\n",
              "      fill: #D2E3FC;\n",
              "    }\n",
              "\n",
              "    [theme=dark] .colab-df-convert:hover {\n",
              "      background-color: #434B5C;\n",
              "      box-shadow: 0px 1px 3px 1px rgba(0, 0, 0, 0.15);\n",
              "      filter: drop-shadow(0px 1px 2px rgba(0, 0, 0, 0.3));\n",
              "      fill: #FFFFFF;\n",
              "    }\n",
              "  </style>\n",
              "\n",
              "      <script>\n",
              "        const buttonEl =\n",
              "          document.querySelector('#df-0a92495d-2042-4197-9804-cde7e27df2c1 button.colab-df-convert');\n",
              "        buttonEl.style.display =\n",
              "          google.colab.kernel.accessAllowed ? 'block' : 'none';\n",
              "\n",
              "        async function convertToInteractive(key) {\n",
              "          const element = document.querySelector('#df-0a92495d-2042-4197-9804-cde7e27df2c1');\n",
              "          const dataTable =\n",
              "            await google.colab.kernel.invokeFunction('convertToInteractive',\n",
              "                                                     [key], {});\n",
              "          if (!dataTable) return;\n",
              "\n",
              "          const docLinkHtml = 'Like what you see? Visit the ' +\n",
              "            '<a target=\"_blank\" href=https://colab.research.google.com/notebooks/data_table.ipynb>data table notebook</a>'\n",
              "            + ' to learn more about interactive tables.';\n",
              "          element.innerHTML = '';\n",
              "          dataTable['output_type'] = 'display_data';\n",
              "          await google.colab.output.renderOutput(dataTable, element);\n",
              "          const docLink = document.createElement('div');\n",
              "          docLink.innerHTML = docLinkHtml;\n",
              "          element.appendChild(docLink);\n",
              "        }\n",
              "      </script>\n",
              "    </div>\n",
              "  </div>\n",
              "  "
            ]
          },
          "metadata": {},
          "execution_count": 11
        }
      ]
    },
    {
      "cell_type": "code",
      "source": [
        "within_class_scatter_matrix = np.zeros((13, 13))\n",
        "\n",
        "for c, rows in df.groupby('class'):\n",
        "  rows = rows.drop(['class'], axis = 1)\n",
        "  s = np.zeros((13, 13))\n",
        "\n",
        "  for index, row in rows.iterrows():\n",
        "      x = row.values.reshape(13, 1)\n",
        "      mc = class_feature_means[c].values.reshape(13,1)\n",
        "      s += (x - mc).dot((x-mc).T)\n",
        "      within_class_scatter_matrix += s"
      ],
      "metadata": {
        "id": "vjLhcOdAjXuO"
      },
      "execution_count": null,
      "outputs": []
    },
    {
      "cell_type": "code",
      "source": [
        "within_class_scatter_matrix"
      ],
      "metadata": {
        "colab": {
          "base_uri": "https://localhost:8080/"
        },
        "id": "tur6kNFSk_6E",
        "outputId": "e47f58e7-93a7-4f42-ce84-3f4fc2507bad"
      },
      "execution_count": null,
      "outputs": [
        {
          "output_type": "execute_result",
          "data": {
            "text/plain": [
              "array([[ 1.5661e+03, -2.1747e+02, -9.8361e+01, -6.9884e+02, -3.4322e+02,\n",
              "         2.3413e+02,  2.5202e+02, -8.7897e+00,  4.7823e+01,  1.5113e+03,\n",
              "         3.6474e+01, -4.1445e+01,  1.0326e+05],\n",
              "       [-2.1747e+02,  3.9077e+03,  2.1451e+02,  3.4245e+03, -4.2141e+03,\n",
              "        -1.3139e+02, -5.6707e+00,  9.2470e+01,  1.9494e+02, -1.0829e+03,\n",
              "        -1.7454e+02,  2.7434e+02, -1.8871e+05],\n",
              "       [-9.8361e+01,  2.1451e+02,  3.7991e+02,  3.0423e+03,  3.2627e+03,\n",
              "         7.8215e+01,  1.3690e+02,  4.0492e+01,  5.8826e+01, -9.3399e+01,\n",
              "         1.0597e+01,  7.6824e+01, -8.2537e+03],\n",
              "       [-6.9884e+02,  3.4245e+03,  3.0423e+03,  5.1290e+04,  1.5304e+04,\n",
              "         7.4097e+02,  1.5592e+03,  1.4699e+02,  9.5404e+02, -1.5222e+03,\n",
              "         1.9302e+00,  2.1306e+03, -1.4144e+05],\n",
              "       [-3.4322e+02, -4.2141e+03,  3.2627e+03,  1.5304e+04,  1.1796e+06,\n",
              "         2.1477e+03,  5.6487e+02, -1.9368e+03,  8.7271e+03,  4.5693e+03,\n",
              "         7.3198e+02, -2.5255e+03,  3.4961e+06],\n",
              "       [ 2.3413e+02, -1.3139e+02,  7.8215e+01,  7.4097e+02,  2.1477e+03,\n",
              "         1.1681e+03,  9.5927e+02, -6.0977e+01,  5.1440e+02,  1.0384e+03,\n",
              "         3.2262e+01,  4.0602e+02,  6.5759e+04],\n",
              "       [ 2.5202e+02, -5.6707e+00,  1.3690e+02,  1.5592e+03,  5.6487e+02,\n",
              "         9.5927e+02,  1.5795e+03, -1.1592e+02,  8.6443e+02,  1.4411e+03,\n",
              "         2.7478e+01,  4.7487e+02,  2.4571e+04],\n",
              "       [-8.7897e+00,  9.2470e+01,  4.0492e+01,  1.4699e+02, -1.9368e+03,\n",
              "        -6.0977e+01, -1.1592e+02,  7.4987e+01, -6.4648e+01, -7.4787e+00,\n",
              "         1.1700e+00, -8.7948e+01, -4.5260e+03],\n",
              "       [ 4.7823e+01,  1.9494e+02,  5.8826e+01,  9.5404e+02,  8.7271e+03,\n",
              "         5.1440e+02,  8.6443e+02, -6.4648e+01,  1.5412e+03,  1.0513e+03,\n",
              "        -2.8428e+01,  3.8959e+02,  7.4578e+04],\n",
              "       [ 1.5113e+03, -1.0829e+03, -9.3399e+01, -1.5222e+03,  4.5693e+03,\n",
              "         1.0384e+03,  1.4411e+03, -7.4787e+00,  1.0513e+03,  1.1570e+04,\n",
              "        -1.9406e+02, -4.2112e+02,  3.7698e+05],\n",
              "       [ 3.6474e+01, -1.7454e+02,  1.0597e+01,  1.9302e+00,  7.3198e+02,\n",
              "         3.2262e+01,  2.7478e+01,  1.1700e+00, -2.8428e+01, -1.9406e+02,\n",
              "         1.2529e+02, -4.0689e+00,  1.4461e+04],\n",
              "       [-4.1445e+01,  2.7434e+02,  7.6824e+01,  2.1306e+03, -2.5255e+03,\n",
              "         4.0602e+02,  4.7487e+02, -8.7948e+01,  3.8959e+02, -4.2112e+02,\n",
              "        -4.0689e+00,  1.1297e+03, -6.2642e+04],\n",
              "       [ 1.0326e+05, -1.8871e+05, -8.2537e+03, -1.4144e+05,  3.4961e+06,\n",
              "         6.5759e+04,  2.4571e+04, -4.5260e+03,  7.4578e+04,  3.7698e+05,\n",
              "         1.4461e+04, -6.2642e+04,  1.8485e+08]])"
            ]
          },
          "metadata": {},
          "execution_count": 13
        }
      ]
    },
    {
      "cell_type": "code",
      "source": [
        "feature_names = df.mean()\n",
        "\n",
        "between_class_scatter_matrix = np.zeros((13, 13))\n",
        "for c in class_feature_means:\n",
        "  n = len(df.loc[df['class'] == c].index)\n",
        "  mc = class_feature_means[c].values.reshape(13, 1)\n",
        "  m = feature_names.values.reshape(13, 1)\n",
        "  between_class_scatter_matrix += n * (mc - m).dot((mc - m).T)"
      ],
      "metadata": {
        "colab": {
          "base_uri": "https://localhost:8080/"
        },
        "id": "zAGguOTkmdBx",
        "outputId": "28b57b4c-0336-4234-84c5-a61e7b6cca22"
      },
      "execution_count": null,
      "outputs": [
        {
          "output_type": "stream",
          "name": "stderr",
          "text": [
            "/usr/local/lib/python3.7/dist-packages/ipykernel_launcher.py:1: FutureWarning: Dropping of nuisance columns in DataFrame reductions (with 'numeric_only=None') is deprecated; in a future version this will raise TypeError.  Select only valid columns before calling the reduction.\n",
            "  \"\"\"Entry point for launching an IPython kernel.\n"
          ]
        }
      ]
    },
    {
      "cell_type": "code",
      "source": [
        "feature_names"
      ],
      "metadata": {
        "colab": {
          "base_uri": "https://localhost:8080/"
        },
        "id": "1NFjo5UknLKT",
        "outputId": "8d1f5bc6-8485-4100-a840-08b14642c25c"
      },
      "execution_count": null,
      "outputs": [
        {
          "output_type": "execute_result",
          "data": {
            "text/plain": [
              "alcohol                          13.000618\n",
              "malic_acid                        2.336348\n",
              "ash                               2.366517\n",
              "alcalinity_of_ash                19.494944\n",
              "magnesium                        99.741573\n",
              "total_phenols                     2.295112\n",
              "flavanoids                        2.029270\n",
              "nonflavanoid_phenols              0.361854\n",
              "proanthocyanins                   1.590899\n",
              "color_intensity                   5.058090\n",
              "hue                               0.957449\n",
              "od280/od315_of_diluted_wines      2.611685\n",
              "proline                         746.893258\n",
              "dtype: float64"
            ]
          },
          "metadata": {},
          "execution_count": 15
        }
      ]
    },
    {
      "cell_type": "code",
      "source": [
        "between_class_scatter_matrix"
      ],
      "metadata": {
        "colab": {
          "base_uri": "https://localhost:8080/"
        },
        "id": "y3NcUA_5nR4l",
        "outputId": "1a32b9b8-0af0-4a98-dca7-2b99acb0866e"
      },
      "execution_count": null,
      "outputs": [
        {
          "output_type": "execute_result",
          "data": {
            "text/plain": [
              "array([[ 7.0795e+01,  1.3723e+01,  1.0668e+01, -1.3186e+02,  5.5262e+02,\n",
              "         2.1257e+01,  3.0029e+01, -2.6178e+00,  8.3076e+00,  1.3888e+02,\n",
              "        -2.4933e+00,  8.2530e+00,  2.6987e+04],\n",
              "       [ 1.3723e+01,  6.5578e+01,  5.1556e+00,  1.1793e+02,  1.5062e+00,\n",
              "        -3.8943e+01, -7.9531e+01,  5.4292e+00, -2.7994e+01,  1.5941e+02,\n",
              "        -1.7995e+01, -5.9906e+01, -6.1709e+03],\n",
              "       [ 1.0668e+01,  5.1556e+00,  1.7592e+00, -1.2829e+01,  7.8095e+01,\n",
              "         1.0900e+00,  3.3671e-01, -1.0316e-01, -2.0087e-01,  2.7430e+01,\n",
              "        -1.2351e+00, -1.7747e+00,  3.5073e+03],\n",
              "       [-1.3186e+02,  1.1793e+02, -1.2829e+01,  5.7283e+02, -1.2702e+03,\n",
              "        -1.3780e+02, -2.5058e+02,  1.8415e+01, -8.2987e+01,  4.3483e+01,\n",
              "        -3.5293e+01, -1.5564e+02, -7.6268e+04],\n",
              "       [ 5.5262e+02,  1.5062e+00,  7.8095e+01, -1.2702e+03,  4.4910e+03,\n",
              "         2.3822e+02,  3.7768e+02, -3.0399e+01,  1.1454e+02,  8.6166e+02,\n",
              "         9.9330e+00,  1.6767e+02,  2.2980e+05],\n",
              "       [ 2.1257e+01, -3.8943e+01,  1.0900e+00, -1.3780e+02,  2.3822e+02,\n",
              "         3.5857e+01,  6.7435e+01, -4.8492e+00,  2.2756e+01, -4.8981e+01,\n",
              "         1.1237e+01,  4.4575e+01,  1.5907e+04],\n",
              "       [ 3.0029e+01, -7.9531e+01,  3.3671e-01, -2.5058e+02,  3.7768e+02,\n",
              "         6.7435e+01,  1.2852e+02, -9.1637e+00,  4.3683e+01, -1.2082e+02,\n",
              "         2.2699e+01,  8.6937e+01,  2.6915e+04],\n",
              "       [-2.6178e+00,  5.4292e+00, -1.0316e-01,  1.8415e+01, -3.0399e+01,\n",
              "        -4.8492e+00, -9.1637e+00,  6.5694e-01, -3.1004e+00,  7.3657e+00,\n",
              "        -1.5602e+00, -6.1085e+00, -2.0737e+03],\n",
              "       [ 8.3076e+00, -2.7994e+01, -2.0087e-01, -8.2987e+01,  1.1454e+02,\n",
              "         2.2756e+01,  4.3683e+01, -3.1004e+00,  1.4904e+01, -4.6041e+01,\n",
              "         7.9472e+00,  2.9908e+01,  8.5317e+03],\n",
              "       [ 1.3888e+02,  1.5941e+02,  2.7430e+01,  4.3483e+01,  8.6166e+02,\n",
              "        -4.8981e+01, -1.2082e+02,  7.3657e+00, -4.6041e+01,  5.5142e+02,\n",
              "        -4.1767e+01, -1.1333e+02,  2.8929e+04],\n",
              "       [-2.4933e+00, -1.7995e+01, -1.2351e+00, -3.5293e+01,  9.9330e+00,\n",
              "         1.1237e+01,  2.2699e+01, -1.5602e+00,  7.9472e+00, -4.1767e+01,\n",
              "         4.9620e+00,  1.6828e+01,  2.2231e+03],\n",
              "       [ 8.2530e+00, -5.9906e+01, -1.7747e+00, -1.5564e+02,  1.6767e+02,\n",
              "         4.4575e+01,  8.6937e+01, -6.1085e+00,  2.9908e+01, -1.1333e+02,\n",
              "         1.6828e+01,  6.1087e+01,  1.4292e+04],\n",
              "       [ 2.6987e+04, -6.1709e+03,  3.5073e+03, -7.6268e+04,  2.2980e+05,\n",
              "         1.5907e+04,  2.6915e+04, -2.0737e+03,  8.5317e+03,  2.8929e+04,\n",
              "         2.2231e+03,  1.4292e+04,  1.2354e+07]])"
            ]
          },
          "metadata": {},
          "execution_count": 16
        }
      ]
    },
    {
      "cell_type": "code",
      "source": [
        "eigen_values, eigen_vectors = np.linalg.eig(np.linalg.inv(\n",
        "    within_class_scatter_matrix).dot(between_class_scatter_matrix))\n",
        "\n",
        "pairs = [(np.abs(eigen_values[i]), eigen_vectors[:, i])\n",
        "for i in range(len(eigen_values))]\n",
        "\n",
        "pairs = sorted(pairs, key=lambda x: x[0], reverse=True)\n",
        "\n",
        "for pair in pairs:\n",
        "  print(pair[0])"
      ],
      "metadata": {
        "colab": {
          "base_uri": "https://localhost:8080/"
        },
        "id": "FoUyrvLHnZhD",
        "outputId": "a7afa719-c366-4ee3-ae2f-ad5d8c0a3c48"
      },
      "execution_count": null,
      "outputs": [
        {
          "output_type": "stream",
          "name": "stdout",
          "text": [
            "0.28157790627842666\n",
            "0.13792561974216463\n",
            "3.041600206500872e-17\n",
            "2.7755575615628914e-17\n",
            "2.0153979511255155e-17\n",
            "2.0153979511255155e-17\n",
            "1.9295514004417214e-17\n",
            "1.9295514004417214e-17\n",
            "1.8493670211047632e-17\n",
            "1.8493670211047632e-17\n",
            "5.249658186322264e-18\n",
            "5.249658186322264e-18\n",
            "2.387674729032832e-18\n"
          ]
        }
      ]
    },
    {
      "cell_type": "code",
      "source": [
        "w_matrix = np.hstack((pairs[0][1].reshape(13, 1),\n",
        "                      pairs[1][1].reshape(13, 1))).real\n",
        "X_lda = np.array(X.dot(w_matrix))\n",
        "X_lda                      "
      ],
      "metadata": {
        "colab": {
          "base_uri": "https://localhost:8080/"
        },
        "id": "5lyZq_TKo2aS",
        "outputId": "86c8e823-9875-4394-ead6-dc42da9236b3"
      },
      "execution_count": null,
      "outputs": [
        {
          "output_type": "execute_result",
          "data": {
